SOSO-1
1 00001U          23274.66666667  .00000000  00000-0  00000-0 0 00001
2 00001 097.3597 167.6789 0009456 299.5645 340.3650 15.25701051000010
SOSO-2
1 00002U          23274.66666667 -.00000000  00000-0  00000-0 0 00003
2 00002 097.4451 167.7017 0017417 313.0688 199.0918 15.16151277000016
SOSO-3
1 00003U          23274.66666667  .00000000  00000-0  00000-0 0 00003
2 00003 097.4153 167.6514 0009336 322.4617 181.5409 15.20925385000019
SOSO-4
1 00004U          23274.66666667  .00000000  00000-0  00000-0 0 00004
2 00004 097.4153 167.6514 0009339 322.4652 253.5376 15.20925382000012
SOSO-5
1 00005U          23274.66666667  .00000000  00000-0  00000-0 0 00005
2 00005 097.4450 167.7015 0002739 252.0353 116.1326 15.16151280000015
